spawn:
  world: world
  x: -538.5485758399853
  y: 203.0
  z: -261.5064354025826
  yaw: 91.81311
  pitch: 1.3492223
